MAE: 0.06538199710376982
RMSE: 0.09781859274247506
R2_score: 0.7695224558769049
